    5   48  Pure helium grid                                                                                                               Sun Oct 23 08:55:41 2016
 Teff  log g  M/Mo  Mbol     BC    U      B      V      R      I      J      H      K      u      g      r      i      z      y      b-y    u-b    v-y    V-I    G-R    U-V    U-G    B-V     Age
  3500. 7.0  0.150 15.387 -1.775 20.322 19.145 17.163 15.890 14.766 13.613 13.126 12.837 21.199 18.211 16.351 15.462 14.939 17.174  1.420  3.342  2.809  1.990  2.549  4.066  2.971  2.076 2.892E+09
  3750. 7.0  0.151 15.084 -1.406 19.312 18.299 16.490 15.356 14.346 13.354 12.929 12.678 20.179 17.441 15.766 14.999 14.567 16.491  1.297  3.089  2.579  1.728  2.262  3.718  2.730  1.883 2.782E+09
  4000. 7.0  0.151 14.797 -1.085 18.384 17.525 15.882 14.878 13.978 13.131 12.758 12.539 19.242 16.739 15.244 14.591 14.242 15.875  1.177  2.852  2.359  1.479  1.987  3.388  2.505  1.697 2.480E+09
  4250. 7.0  0.152 14.527 -0.800 17.506 16.801 15.327 14.450 13.657 12.940 12.613 12.421 18.356 16.087 14.774 14.233 13.960 15.314  1.056  2.616  2.136  1.237  1.712  3.056  2.279  1.508 2.186E+09
  4500. 7.0  0.153 14.271 -0.568 16.689 16.141 14.839 14.080 13.387 12.783 12.492 12.322 17.530 15.501 14.370 13.931 13.726 14.822  0.934  2.373  1.908  1.010  1.445  2.717  2.047  1.316 1.950E+09
  4750. 7.0  0.155 14.026 -0.382 15.914 15.536 14.408 13.758 13.155 12.643 12.383 12.231 16.748 14.970 14.018 13.670 13.523 14.389  0.812  2.110  1.674  0.806  1.190  2.362  1.798  1.120 1.733E+09
  5000. 7.0  0.157 13.791 -0.253 15.225 15.014 14.044 13.483 12.953 12.516 12.281 12.144 16.053 14.517 13.720 13.446 13.344 14.025  0.704  1.852  1.461  0.640  0.975  2.026  1.556  0.942 1.543E+09
  5250. 7.0  0.159 13.564 -0.169 14.626 14.570 13.733 13.242 12.772 12.394 12.181 12.057 15.450 14.129 13.461 13.246 13.181 13.715  0.615  1.616  1.280  0.508  0.801  1.729  1.337  0.793 1.374E+09
  5500. 7.0  0.161 13.345 -0.117 14.110 14.188 13.461 13.026 12.604 12.278 12.083 11.972 14.931 13.795 13.232 13.064 13.029 13.444  0.544  1.412  1.132  0.403  0.662  1.480  1.150  0.671 1.226E+09
  6000. 7.0  0.167 12.931 -0.074 13.278 13.568 13.005 12.653 12.305 12.061 11.899 11.810 14.097 13.243 12.839 12.743 12.755 12.990  0.438  1.093  0.911  0.244  0.456  1.100  0.862  0.491 9.879E+08
  6500. 7.0  0.171 12.556 -0.073 12.653 13.081 12.629 12.336 12.045 11.869 11.735 11.665 13.472 12.802 12.508 12.465 12.514 12.616  0.367  0.886  0.766  0.128  0.313  0.853  0.676  0.372 8.236E+08
  7000. 7.0  0.175 12.209 -0.096 12.154 12.678 12.305 12.055 11.809 11.688 11.580 11.527 12.974 12.431 12.217 12.215 12.293 12.293  0.317  0.744  0.663  0.040  0.207  0.681  0.548  0.287 6.916E+08
  7500. 7.0  0.180 11.882 -0.132 11.730 12.326 12.013 11.798 11.589 11.516 11.430 11.392 12.551 12.102 11.952 11.984 12.087 12.003  0.277  0.638  0.584 -0.031  0.124  0.551  0.452  0.223 5.810E+08
  8000. 7.0  0.184 11.574 -0.179 11.358 12.014 11.753 11.567 11.390 11.359 11.292 11.268 12.180 11.810 11.714 11.775 11.899 11.744  0.244  0.549  0.518 -0.092  0.052  0.442  0.372  0.168 4.893E+08
  8500. 7.0  0.189 11.283 -0.237 11.024 11.734 11.520 11.361 11.212 11.218 11.167 11.156 11.847 11.549 11.502 11.589 11.731 11.512  0.214  0.469  0.458 -0.147 -0.012  0.344  0.300  0.118 4.139E+08
  9000. 7.0  0.194 11.007 -0.304 10.724 11.483 11.311 11.176 11.052 11.090 11.054 11.053 11.548 11.313 11.311 11.421 11.580 11.304  0.187  0.397  0.403 -0.196 -0.070  0.255  0.236  0.073 3.519E+08
  9500. 7.0  0.199 10.745 -0.377 10.454 11.256 11.122 11.008 10.908 10.974 10.951 10.960 11.279 11.101 11.139 11.269 11.444 11.116  0.162  0.333  0.355 -0.240 -0.122  0.177  0.178  0.033 3.009E+08
 10000. 7.0  0.202 10.503 -0.454 10.216 11.057 10.956 10.862 10.781 10.874 10.862 10.880 11.042 10.914 10.988 11.137 11.324 10.951  0.141  0.277  0.313 -0.280 -0.168  0.107  0.128 -0.003 2.602E+08
 11000. 7.0  0.208 10.058 -0.611  9.810 10.714 10.669 10.607 10.561 10.698 10.707 10.738 10.637 10.592 10.727 10.906 11.117 10.665  0.105  0.184  0.243 -0.347 -0.247 -0.007  0.045 -0.064 1.996E+08
 12000. 7.0  0.214  9.652 -0.769  9.471 10.423 10.421 10.386 10.369 10.543 10.569 10.612 10.299 10.316 10.501 10.706 10.935 10.417  0.076  0.115  0.189 -0.404 -0.313 -0.092 -0.015 -0.115 1.553E+08
 13000. 7.0  0.219  9.279 -0.919  9.181 10.166 10.198 10.186 10.193 10.399 10.440 10.492 10.011 10.071 10.295 10.523 10.768 10.194  0.052  0.069  0.149 -0.453 -0.369 -0.152 -0.055 -0.158 1.221E+08
 14000. 7.0  0.224  8.932 -1.058  8.930  9.934  9.990  9.999 10.027 10.260 10.314 10.373  9.761  9.847 10.104 10.351 10.609  9.985  0.033  0.043  0.122 -0.496 -0.418 -0.190 -0.075 -0.195 9.675E+07
 15000. 7.0  0.229  8.609 -1.189  8.711  9.725  9.797  9.824  9.870 10.124 10.189 10.255  9.543  9.643  9.926 10.189 10.457  9.789  0.018  0.033  0.106 -0.535 -0.461 -0.210 -0.082 -0.226 7.737E+07
 16000. 7.0  0.234  8.305 -1.316  8.520  9.539  9.621  9.664  9.725  9.994 10.069 10.139  9.353  9.459  9.764 10.040 10.316  9.611  0.007  0.030  0.098 -0.570 -0.497 -0.219 -0.081 -0.252 6.269E+07
 17000. 7.0  0.238  8.021 -1.446  8.355  9.376  9.467  9.524  9.597  9.874  9.957 10.031  9.189  9.299  9.621  9.909 10.190  9.453 -0.001  0.031  0.093 -0.601 -0.529 -0.223 -0.077 -0.274 5.170E+07
 18000. 7.0  0.238  7.773 -1.582  8.230  9.255  9.355  9.424  9.508  9.790  9.881  9.956  9.066  9.180  9.519  9.816 10.102  9.338 -0.009  0.029  0.087 -0.627 -0.557 -0.229 -0.076 -0.292 6.029E+07
 19000. 7.0  0.243  7.518 -1.726  8.105  9.135  9.243  9.323  9.416  9.702  9.798  9.874  8.942  9.062  9.416  9.722 10.012  9.226 -0.017  0.024  0.078 -0.648 -0.580 -0.237 -0.078 -0.309 5.224E+07
 20000. 7.0  0.247  7.275 -1.884  8.009  9.042  9.159  9.247  9.347  9.636  9.734  9.809  8.846  8.972  9.339  9.652  9.944  9.141 -0.024  0.020  0.070 -0.665 -0.599 -0.245 -0.079 -0.324 4.561E+07
 21000. 7.0  0.252  7.042 -2.067  7.954  8.987  9.109  9.201  9.305  9.594  9.691  9.764  8.792  8.919  9.292  9.609  9.903  9.092 -0.029  0.020  0.064 -0.672 -0.609 -0.249 -0.079 -0.333 4.009E+07
 22000. 7.0  0.257  6.820 -2.247  7.906  8.941  9.068  9.162  9.267  9.555  9.649  9.721  8.744  8.873  9.252  9.570  9.864  9.051 -0.033  0.017  0.058 -0.675 -0.615 -0.254 -0.080 -0.340 3.545E+07
 23000. 7.0  0.261  6.608 -2.408  7.841  8.880  9.015  9.111  9.218  9.507  9.599  9.670  8.679  8.815  9.201  9.521  9.816  8.999 -0.039  0.010  0.048 -0.679 -0.622 -0.267 -0.088 -0.349 3.153E+07
 24000. 7.0  0.266  6.403 -2.541  7.749  8.797  8.943  9.043  9.154  9.447  9.540  9.612  8.588  8.737  9.132  9.456  9.753  8.929 -0.046 -0.006  0.033 -0.685 -0.633 -0.287 -0.102 -0.360 2.819E+07
 25000. 7.0  0.271  6.206 -2.660  7.647  8.708  8.866  8.968  9.085  9.384  9.479  9.552  8.486  8.652  9.057  9.385  9.686  8.853 -0.054 -0.025  0.016 -0.692 -0.643 -0.312 -0.120 -0.369 2.532E+07
 26000. 7.0  0.276  6.016 -2.774  7.547  8.620  8.790  8.895  9.017  9.322  9.419  9.494  8.386  8.569  8.984  9.316  9.620  8.779 -0.060 -0.046  0.000 -0.698 -0.652 -0.337 -0.140 -0.378 2.284E+07
 27000. 7.0  0.281  5.833 -2.883  7.449  8.536  8.716  8.824  8.951  9.261  9.360  9.437  8.288  8.488  8.911  9.248  9.554  8.706 -0.066 -0.066 -0.015 -0.704 -0.660 -0.362 -0.159 -0.385 2.069E+07
 28000. 7.0  0.286  5.656 -2.987  7.354  8.454  8.644  8.754  8.885  9.202  9.302  9.381  8.194  8.410  8.841  9.181  9.490  8.635 -0.071 -0.086 -0.029 -0.710 -0.667 -0.385 -0.178 -0.391 1.881E+07
 29000. 7.0  0.291  5.485 -3.088  7.262  8.374  8.573  8.686  8.821  9.143  9.246  9.326  8.102  8.334  8.772  9.115  9.428  8.566 -0.076 -0.105 -0.041 -0.715 -0.674 -0.407 -0.197 -0.396 1.716E+07
 30000. 7.0  0.296  5.319 -3.184  7.172  8.296  8.503  8.619  8.757  9.085  9.189  9.271  8.012  8.259  8.704  9.050  9.366  8.497 -0.080 -0.124 -0.053 -0.720 -0.680 -0.428 -0.214 -0.401 1.571E+07
 31000. 7.0  0.301  5.158 -3.276  7.083  8.220  8.435  8.552  8.694  9.028  9.134  9.217  7.924  8.186  8.637  8.986  9.304  8.429 -0.084 -0.142 -0.063 -0.725 -0.686 -0.448 -0.231 -0.406 1.442E+07
 32000. 7.0  0.306  5.002 -3.364  6.997  8.145  8.367  8.487  8.632  8.971  9.078  9.163  7.838  8.114  8.571  8.923  9.244  8.362 -0.087 -0.159 -0.074 -0.730 -0.692 -0.467 -0.247 -0.411 1.328E+07
 33000. 7.0  0.311  4.851 -3.449  6.912  8.071  8.300  8.422  8.571  8.915  9.024  9.110  7.753  8.043  8.506  8.861  9.184  8.296 -0.091 -0.175 -0.083 -0.735 -0.698 -0.486 -0.262 -0.415 1.225E+07
 34000. 7.0  0.316  4.704 -3.530  6.829  7.998  8.234  8.358  8.510  8.859  8.970  9.057  7.670  7.972  8.441  8.799  9.125  8.231 -0.094 -0.191 -0.092 -0.739 -0.703 -0.503 -0.277 -0.420 1.134E+07
 35000. 7.0  0.321  4.561 -3.607  6.746  7.926  8.168  8.295  8.450  8.803  8.916  9.005  7.588  7.903  8.377  8.737  9.066  8.166 -0.097 -0.206 -0.101 -0.744 -0.709 -0.520 -0.291 -0.424 1.052E+07
 36000. 7.0  0.326  4.421 -3.681  6.665  7.854  8.102  8.231  8.389  8.748  8.862  8.953  7.506  7.833  8.313  8.676  9.007  8.101 -0.100 -0.221 -0.110 -0.749 -0.714 -0.536 -0.306 -0.429 9.777E+06
 37000. 7.0  0.331  4.286 -3.751  6.583  7.782  8.037  8.168  8.329  8.692  8.808  8.900  7.425  7.764  8.249  8.615  8.948  8.035 -0.103 -0.236 -0.119 -0.754 -0.719 -0.552 -0.319 -0.434 9.107E+06
 38000. 7.0  0.336  4.154 -3.816  6.500  7.709  7.970  8.104  8.268  8.636  8.754  8.848  7.343  7.693  8.185  8.553  8.888  7.970 -0.106 -0.251 -0.127 -0.759 -0.724 -0.568 -0.333 -0.439 8.500E+06
 39000. 7.0  0.341  4.026 -3.877  6.417  7.635  7.902  8.038  8.206  8.580  8.699  8.795  7.259  7.622  8.119  8.490  8.828  7.903 -0.108 -0.266 -0.136 -0.764 -0.730 -0.585 -0.347 -0.444 7.947E+06
 40000. 7.0  0.346  3.900 -3.932  6.331  7.559  7.833  7.971  8.143  8.521  8.643  8.741  7.174  7.548  8.051  8.425  8.766  7.834 -0.111 -0.281 -0.146 -0.768 -0.735 -0.602 -0.362 -0.450 7.443E+06
  3500. 7.5  0.313 15.839 -1.447 20.171 19.101 17.286 16.169 15.164 14.123 13.648 13.356 21.043 18.235 16.574 15.818 15.380 17.286  1.295  3.181  2.599  1.702  2.238  3.796  2.810  1.895 5.294E+09
  3750. 7.5  0.313 15.538 -1.136 19.214 18.316 16.674 15.679 14.775 13.871 13.452 13.195 20.075 17.528 16.043 15.393 15.030 16.667  1.173  2.914  2.366  1.470  1.970  3.436  2.557  1.700 4.356E+09
  4000. 7.5  0.313 15.257 -0.879 18.357 17.619 16.136 15.251 14.439 13.655 13.283 13.057 19.208 16.900 15.581 15.025 14.729 16.124  1.059  2.667  2.150  1.262  1.724  3.103  2.323  1.519 3.836E+09
  4250. 7.5  0.314 14.993 -0.663 17.570 16.986 15.656 14.871 14.144 13.465 13.134 12.935 18.413 16.334 15.171 14.701 14.464 15.640  0.952  2.429  1.945  1.071  1.496  2.784  2.098  1.346 3.421E+09
  4500. 7.5  0.314 14.743 -0.482 16.836 16.405 15.225 14.533 13.885 13.300 13.005 12.829 17.672 15.818 14.806 14.416 14.233 15.207  0.848  2.192  1.743  0.894  1.279  2.470  1.874  1.178 3.021E+09
  4750. 7.5  0.315 14.506 -0.341 16.159 15.882 14.847 14.239 13.663 13.160 12.895 12.738 16.989 15.358 14.490 14.172 14.036 14.828  0.749  1.954  1.548  0.734  1.078  2.160  1.651  1.015 2.636E+09
  5000. 7.5  0.316 14.281 -0.235 15.535 15.415 14.515 13.982 13.470 13.035 12.796 12.656 16.361 14.949 14.214 13.959 13.864 14.497  0.658  1.714  1.363  0.593  0.897  1.859  1.429  0.862 2.333E+09
  5250. 7.5  0.316 14.066 -0.166 14.994 15.015 14.232 13.760 13.300 12.923 12.706 12.579 15.816 14.599 13.976 13.773 13.711 14.215  0.582  1.498  1.205  0.478  0.747  1.594  1.230  0.732 2.076E+09
  5500. 7.5  0.317 13.860 -0.123 14.528 14.671 13.984 13.561 13.145 12.817 12.619 12.505 15.348 14.295 13.765 13.605 13.571 13.967  0.520  1.315  1.076  0.383  0.625  1.373  1.063  0.626 1.829E+09
  6000. 7.5  0.321 13.471 -0.088 13.776 14.102 13.558 13.211 12.865 12.618 12.453 12.362 14.595 13.786 13.397 13.303 13.314 13.544  0.427  1.040  0.884  0.238  0.441  1.045  0.816  0.470 1.319E+09
  6500. 7.5  0.323 13.114 -0.092 13.189 13.645 13.206 12.915 12.624 12.444 12.309 12.237 14.009 13.372 13.087 13.045 13.093 13.193  0.360  0.846  0.747  0.126  0.303  0.813  0.642  0.357 1.060E+09
  7000. 7.5  0.325 12.786 -0.116 12.721 13.266 12.902 12.654 12.408 12.284 12.173 12.118 13.541 13.022 12.816 12.815 12.891 12.891  0.311  0.715  0.649  0.039  0.200  0.651  0.523  0.276 8.880E+08
  7500. 7.5  0.327 12.481 -0.150 12.324 12.935 12.631 12.417 12.208 12.133 12.045 12.005 13.145 12.715 12.571 12.604 12.706 12.620  0.273  0.616  0.573 -0.033  0.117  0.528  0.434  0.214 7.535E+08
  8000. 7.5  0.329 12.194 -0.193 11.977 12.643 12.387 12.203 12.026 11.994 11.925 11.900 12.799 12.441 12.350 12.412 12.535 12.378  0.241  0.535  0.510 -0.094  0.047  0.427  0.360  0.161 6.447E+08
  8500. 7.5  0.331 11.924 -0.247 11.667 12.382 12.171 12.013 11.864 11.869 11.817 11.805 12.490 12.198 12.154 12.241 12.383 12.164  0.212  0.461  0.454 -0.148 -0.014  0.336  0.294  0.115 5.554E+08
  9000. 7.5  0.333 11.669 -0.310 11.389 12.150 11.980 11.845 11.721 11.759 11.722 11.721 12.213 11.981 11.980 12.090 12.249 11.973  0.186  0.393  0.401 -0.196 -0.071  0.252  0.233  0.072 4.814E+08
  9500. 7.5  0.335 11.428 -0.381 11.139 11.942 11.809 11.695 11.594 11.660 11.637 11.645 11.963 11.787 11.825 11.956 12.130 11.803  0.162  0.332  0.354 -0.240 -0.122  0.175  0.177  0.033 4.192E+08
 10000. 7.5  0.337 11.199 -0.456 10.914 11.755 11.655 11.560 11.480 11.571 11.560 11.577 11.740 11.613 11.687 11.835 12.023 11.650  0.141  0.276  0.312 -0.279 -0.168  0.106  0.127 -0.003 3.665E+08
 11000. 7.5  0.341 10.773 -0.614 10.527 11.432 11.387 11.325 11.279 11.415 11.424 11.455 11.354 11.310 11.445 11.624 11.834 11.383  0.105  0.182  0.241 -0.346 -0.247 -0.009  0.043 -0.063 2.827E+08
 12000. 7.5  0.344 10.386 -0.773 10.204 11.159 11.159 11.124 11.105 11.279 11.305 11.347 11.033 11.053 11.238 11.442 11.671 11.155  0.076  0.110  0.187 -0.403 -0.313 -0.097 -0.020 -0.113 2.197E+08
 13000. 7.5  0.347 10.029 -0.926  9.931 10.922 10.955 10.943 10.948 11.153 11.193 11.245 10.760 10.828 11.053 11.278 11.523 10.950  0.053  0.059  0.147 -0.451 -0.368 -0.162 -0.065 -0.155 1.715E+08
 14000. 7.5  0.350  9.697 -1.070  9.694 10.710 10.767 10.775 10.801 11.032 11.084 11.144 10.524 10.624 10.881 11.125 11.382 10.761  0.035  0.026  0.119 -0.493 -0.415 -0.204 -0.091 -0.191 1.348E+08
 15000. 7.5  0.353  9.388 -1.202  9.487 10.517 10.591 10.616 10.658 10.911 10.975 11.040 10.318 10.436 10.718 10.978 11.246 10.582  0.021  0.009  0.103 -0.530 -0.455 -0.228 -0.103 -0.221 1.067E+08
 16000. 7.5  0.356  9.098 -1.328  9.305 10.343 10.426 10.467 10.523 10.791 10.865 10.935 10.137 10.265 10.567 10.839 11.114 10.415  0.012  0.002  0.095 -0.563 -0.489 -0.239 -0.106 -0.245 8.506E+07
 17000. 7.5  0.359  8.825 -1.454  9.146 10.189 10.279 10.333 10.400 10.678 10.760 10.834  9.979 10.113 10.431 10.713 10.995 10.264  0.005 -0.001  0.092 -0.592 -0.519 -0.244 -0.105 -0.265 6.869E+07
 18000. 7.5  0.362  8.567 -1.584  9.006 10.055 10.151 10.217 10.294 10.577 10.666 10.743  9.841  9.980 10.313 10.604 10.890 10.133 -0.001 -0.004  0.089 -0.617 -0.544 -0.249 -0.104 -0.281 5.621E+07
 19000. 7.5  0.366  8.323 -1.720  8.884  9.939 10.043 10.119 10.204 10.492 10.586 10.664  9.719  9.867 10.214 10.513 10.803 10.023 -0.007 -0.011  0.082 -0.638 -0.567 -0.258 -0.108 -0.296 4.658E+07
 20000. 7.5  0.369  8.091 -1.863  8.779  9.841  9.953 10.038 10.131 10.423 10.521 10.600  9.615  9.772 10.131 10.437 10.732  9.933 -0.013 -0.020  0.074 -0.656 -0.586 -0.270 -0.113 -0.310 3.909E+07
 21000. 7.5  0.372  7.869 -2.018  8.700  9.767  9.887  9.978 10.077 10.372 10.472 10.551  9.537  9.700 10.070 10.382 10.679  9.866 -0.019 -0.027  0.066 -0.669 -0.601 -0.279 -0.118 -0.321 3.553E+07
 22000. 7.5  0.375  7.657 -2.191  8.655  9.724  9.849  9.943 10.045 10.341 10.441 10.519  9.492  9.658 10.035 10.349 10.648  9.828 -0.023 -0.030  0.061 -0.676 -0.609 -0.285 -0.120 -0.328 3.204E+07
 23000. 7.5  0.379  7.455 -2.362  8.617  9.688  9.817  9.913 10.018 10.314 10.413 10.490  9.454  9.624 10.004 10.321 10.621  9.797 -0.027 -0.033  0.055 -0.679 -0.615 -0.291 -0.123 -0.334 2.691E+07
 24000. 7.5  0.382  7.261 -2.518  8.569  9.644  9.779  9.878  9.985 10.283 10.381 10.456  9.407  9.582  9.968 10.287 10.588  9.759 -0.032 -0.039  0.048 -0.684 -0.622 -0.300 -0.128 -0.341 2.275E+07
 25000. 7.5  0.385  7.076 -2.651  8.501  9.583  9.727  9.829  9.940 10.241 10.339 10.415  9.339  9.524  9.919 10.242 10.545  9.708 -0.038 -0.049  0.036 -0.690 -0.632 -0.316 -0.138 -0.351 1.970E+07
 26000. 7.5  0.388  6.897 -2.770  8.422  9.513  9.667  9.773  9.890 10.195 10.294 10.371  9.261  9.457  9.862 10.189 10.495  9.650 -0.045 -0.063  0.022 -0.698 -0.643 -0.335 -0.151 -0.362 1.735E+07
 27000. 7.5  0.390  6.725 -2.881  8.340  9.441  9.606  9.715  9.837 10.148 10.249 10.326  9.179  9.389  9.803 10.135 10.444  9.590 -0.052 -0.080  0.008 -0.705 -0.653 -0.357 -0.166 -0.371 1.545E+07
 28000. 7.5  0.393  6.560 -2.986  8.258  9.370  9.546  9.657  9.784 10.101 10.204 10.283  9.098  9.322  9.745 10.081 10.393  9.532 -0.059 -0.097 -0.007 -0.711 -0.661 -0.378 -0.183 -0.379 1.388E+07
 29000. 7.5  0.396  6.399 -3.087  8.178  9.302  9.487  9.601  9.732 10.055 10.159 10.239  9.018  9.257  9.687 10.027 10.342  9.474 -0.064 -0.114 -0.020 -0.717 -0.669 -0.400 -0.199 -0.386 1.253E+07
 30000. 7.5  0.399  6.245 -3.184  8.101  9.235  9.429  9.545  9.680 10.008 10.114 10.196  8.940  9.194  9.631  9.974 10.291  9.418 -0.069 -0.131 -0.033 -0.722 -0.676 -0.421 -0.216 -0.392 1.136E+07
 31000. 7.5  0.401  6.097 -3.278  8.027  9.172  9.374  9.493  9.631  9.965 10.072 10.156  8.867  9.134  9.578  9.924 10.244  9.364 -0.074 -0.148 -0.044 -0.726 -0.682 -0.441 -0.232 -0.397 1.864E+07
 32000. 7.5  0.404  5.951 -3.367  7.952  9.108  9.318  9.439  9.581  9.920 10.028 10.114  8.793  9.073  9.524  9.873 10.195  9.309 -0.078 -0.164 -0.055 -0.731 -0.688 -0.460 -0.248 -0.402 1.743E+07
 33000. 7.5  0.407  5.810 -3.452  7.878  9.045  9.262  9.385  9.530  9.874  9.984 10.071  8.719  9.013  9.469  9.821 10.146  9.254 -0.081 -0.180 -0.065 -0.736 -0.694 -0.478 -0.263 -0.407 1.632E+07
 34000. 7.5  0.410  5.672 -3.535  7.806  8.982  9.207  9.332  9.480  9.829  9.941 10.029  8.647  8.953  9.415  9.770 10.097  9.200 -0.085 -0.195 -0.075 -0.740 -0.699 -0.495 -0.277 -0.412 1.531E+07
 35000. 7.5  0.413  5.539 -3.613  7.735  8.921  9.152  9.279  9.431  9.784  9.898  9.987  8.576  8.895  9.362  9.719 10.049  9.146 -0.088 -0.210 -0.085 -0.745 -0.704 -0.512 -0.291 -0.416 1.438E+07
 36000. 7.5  0.417  5.404 -3.689  7.660  8.855  9.093  9.222  9.377  9.735  9.850  9.941  8.502  8.832  9.305  9.665  9.996  9.087 -0.091 -0.224 -0.094 -0.749 -0.710 -0.528 -0.305 -0.421 1.331E+07
 37000. 7.5  0.420  5.277 -3.761  7.590  8.794  9.038  9.169  9.327  9.690  9.806  9.899  8.432  8.773  9.252  9.614  9.948  9.033 -0.094 -0.238 -0.102 -0.754 -0.715 -0.544 -0.318 -0.425 1.253E+07
 38000. 7.5  0.423  5.154 -3.829  7.520  8.733  8.983  9.116  9.277  9.645  9.763  9.857  8.362  8.714  9.198  9.563  9.899  8.979 -0.097 -0.252 -0.111 -0.758 -0.720 -0.559 -0.331 -0.430 1.183E+07
 39000. 7.5  0.426  5.033 -3.894  7.449  8.671  8.927  9.063  9.227  9.599  9.719  9.814  8.291  8.655  9.144  9.512  9.850  8.924 -0.100 -0.266 -0.119 -0.763 -0.724 -0.574 -0.344 -0.435 1.119E+07
 40000. 7.5  0.429  4.915 -3.954  7.377  8.607  8.870  9.007  9.175  9.551  9.673  9.771  8.219  8.593  9.088  9.459  9.799  8.867 -0.102 -0.280 -0.128 -0.768 -0.729 -0.590 -0.357 -0.440 1.059E+07
  3500. 8.0  0.567 16.443 -1.233 20.177 19.290 17.675 16.681 15.758 14.771 14.298 14.001 21.037 18.514 17.050 16.387 15.996 17.668  1.152  2.899  2.329  1.484  1.948  3.397  2.537  1.667 8.499E+09
  3750. 8.0  0.567 16.143 -0.970 19.295 18.573 17.113 16.222 15.387 14.524 14.104 13.842 20.146 17.866 16.558 15.985 15.660 17.101  1.044  2.643  2.118  1.287  1.717  3.062  2.296  1.491 8.041E+09
  4000. 8.0  0.568 15.862 -0.752 18.496 17.930 16.614 15.817 15.063 14.308 13.933 13.702 19.339 17.286 16.124 15.633 15.366 16.599  0.943  2.402  1.921  1.108  1.504  2.749  2.070  1.327 7.573E+09
  4250. 8.0  0.568 15.599 -0.575 17.777 17.356 16.173 15.460 14.778 14.118 13.783 13.577 18.613 16.770 15.742 15.323 15.108 16.157  0.852  2.178  1.741  0.949  1.312  2.459  1.861  1.177 7.107E+09
  4500. 8.0  0.568 15.350 -0.432 17.127 16.842 15.782 15.142 14.526 13.950 13.649 13.467 17.958 16.309 15.404 15.050 14.881 15.764  0.768  1.968  1.575  0.806  1.139  2.191  1.665  1.039 6.643E+09
  4750. 8.0  0.568 15.115 -0.318 16.533 16.378 15.433 14.861 14.305 13.802 13.532 13.370 17.359 15.895 15.104 14.809 14.680 15.415  0.692  1.768  1.421  0.677  0.981  1.939  1.480  0.911 6.152E+09
  5000. 8.0  0.568 14.891 -0.231 15.988 15.961 15.122 14.611 14.109 13.672 13.429 13.284 16.811 15.523 14.838 14.596 14.504 15.105  0.620  1.574  1.276  0.560  0.836  1.699  1.302  0.792 5.609E+09
  5250. 8.0  0.569 14.678 -0.170 15.499 15.590 14.849 14.390 13.937 13.556 13.335 13.206 16.320 15.193 14.604 14.408 14.348 14.832  0.557  1.394  1.146  0.458  0.708  1.479  1.137  0.685 4.812E+09
  5500. 8.0  0.570 14.475 -0.133 15.070 15.265 14.608 14.193 13.781 13.449 13.248 13.132 15.890 14.904 14.396 14.240 14.206 14.592  0.503  1.237  1.034  0.372  0.599  1.290  0.995  0.594 3.938E+09
  6000. 8.0  0.572 14.094 -0.101 14.368 14.724 14.195 13.850 13.505 13.254 13.087 12.994 15.188 14.415 14.036 13.943 13.953 14.181  0.420  0.997  0.864  0.234  0.430  1.002  0.779  0.454 2.566E+09
  6500. 8.0  0.573 13.743 -0.107 13.806 14.281 13.850 13.560 13.269 13.086 12.948 12.875 14.626 14.012 13.732 13.690 13.736 13.837  0.356  0.820  0.736  0.125  0.299  0.787  0.620  0.348 1.868E+09
  7000. 8.0  0.574 13.419 -0.132 13.350 13.908 13.551 13.303 13.056 12.930 12.817 12.761 14.170 13.668 13.465 13.464 13.539 13.540  0.308  0.695  0.641  0.039  0.197  0.632  0.507  0.270 1.548E+09
  7500. 8.0  0.575 13.118 -0.167 12.960 13.583 13.284 13.072 12.863 12.785 12.695 12.654 13.781 13.365 13.226 13.259 13.360 13.275  0.270  0.598  0.565 -0.034  0.113  0.511  0.419  0.207 1.310E+09
  8000. 8.0  0.576 12.836 -0.209 12.618 13.294 13.045 12.862 12.685 12.651 12.580 12.553 13.440 13.095 13.008 13.071 13.194 13.036  0.237  0.520  0.502 -0.096  0.043  0.411  0.348  0.155 1.115E+09
  8500. 8.0  0.577 12.570 -0.259 12.314 13.036 12.830 12.672 12.524 12.527 12.474 12.461 13.137 12.854 12.813 12.901 13.043 12.822  0.210  0.451  0.448 -0.150 -0.018  0.325  0.285  0.110 9.523E+08
  9000. 8.0  0.578 12.320 -0.319 12.041 12.806 12.639 12.504 12.381 12.418 12.380 12.378 12.865 12.639 12.640 12.750 12.909 12.632  0.184  0.388  0.398 -0.197 -0.073  0.245  0.228  0.069 8.197E+08
  9500. 8.0  0.579 12.083 -0.386 11.796 12.601 12.470 12.356 12.255 12.321 12.297 12.305 12.621 12.447 12.487 12.617 12.791 12.464  0.161  0.329  0.352 -0.240 -0.123  0.172  0.174  0.031 7.119E+08
 10000. 8.0  0.580 11.859 -0.460 11.575 12.418 12.318 12.224 12.143 12.235 12.223 12.239 12.401 12.275 12.350 12.499 12.686 12.313  0.140  0.274  0.311 -0.279 -0.168  0.105  0.125 -0.003 6.233E+08
 11000. 8.0  0.583 11.441 -0.616 11.195 12.100 12.057 11.995 11.947 12.083 12.092 12.123 12.022 11.979 12.115 12.293 12.503 12.052  0.105  0.181  0.240 -0.346 -0.246 -0.010  0.042 -0.063 4.848E+08
 12000. 8.0  0.584 11.059 -0.776 10.878 11.835 11.836 11.801 11.781 11.955 11.980 12.022 11.706 11.729 11.916 12.118 12.347 11.831  0.076  0.107  0.185 -0.402 -0.312 -0.101 -0.024 -0.112 3.826E+08
 13000. 8.0  0.586 10.709 -0.933 10.610 11.606 11.641 11.629 11.633 11.837 11.877 11.928 11.439 11.513 11.739 11.963 12.207 11.636  0.053  0.051  0.143 -0.449 -0.367 -0.169 -0.073 -0.153 3.057E+08
 14000. 8.0  0.588 10.384 -1.080 10.378 11.404 11.464 11.471 11.494 11.725 11.777 11.835 11.208 11.319 11.577 11.819 12.076 11.457  0.036  0.012  0.114 -0.490 -0.413 -0.217 -0.105 -0.188 2.459E+08
 15000. 8.0  0.590 10.081 -1.217 10.176 11.221 11.297 11.322 11.362 11.614 11.677 11.741 11.007 11.142 11.425 11.682 11.949 11.289  0.023 -0.012  0.096 -0.527 -0.452 -0.247 -0.123 -0.218 1.987E+08
 16000. 8.0  0.591  9.797 -1.344  9.998 11.054 11.141 11.180 11.233 11.502 11.574 11.645 10.830 10.979 11.281 11.550 11.825 11.129  0.014 -0.025  0.088 -0.558 -0.485 -0.262 -0.131 -0.240 1.610E+08
 17000. 8.0  0.593  9.531 -1.466  9.841 10.905 10.997 11.049 11.112 11.392 11.472 11.548 10.674 10.831 11.148 11.426 11.707 10.982  0.009 -0.031  0.086 -0.585 -0.511 -0.268 -0.133 -0.258 1.307E+08
 18000. 8.0  0.595  9.280 -1.590  9.702 10.773 10.870 10.933 11.004 11.290 11.377 11.455 10.536 10.700 11.030 11.316 11.602 10.851  0.006 -0.036  0.085 -0.609 -0.534 -0.273 -0.134 -0.272 1.060E+08
 19000. 8.0  0.596  9.042 -1.719  9.580 10.658 10.761 10.834 10.912 11.202 11.294 11.374 10.414 10.587 10.930 11.223 11.512 10.739  0.002 -0.044  0.081 -0.629 -0.555 -0.281 -0.138 -0.284 8.560E+07
 20000. 8.0  0.598  8.816 -1.853  9.473 10.559 10.669 10.751 10.836 11.129 11.225 11.306 10.308 10.491 10.846 11.145 11.438 10.646 -0.003 -0.055  0.074 -0.647 -0.573 -0.292 -0.146 -0.296 6.875E+07
 21000. 8.0  0.600  8.601 -1.993  9.381 10.476 10.594 10.683 10.775 11.071 11.171 11.251 10.217 10.410 10.776 11.081 11.379 10.570 -0.009 -0.066  0.066 -0.661 -0.589 -0.306 -0.154 -0.307 5.495E+07
 22000. 8.0  0.601  8.396 -2.142  9.311 10.412 10.537 10.632 10.729 11.029 11.130 11.211 10.147 10.349 10.724 11.034 11.334 10.514 -0.014 -0.074  0.057 -0.672 -0.602 -0.317 -0.161 -0.317 4.377E+07
 23000. 8.0  0.603  8.200 -2.304  9.269 10.374 10.504 10.601 10.702 11.004 11.106 11.186 10.105 10.312 10.693 11.006 11.308 10.480 -0.018 -0.080  0.052 -0.679 -0.609 -0.325 -0.165 -0.323 3.491E+07
 24000. 8.0  0.605  8.012 -2.466  9.237 10.344 10.478 10.577 10.680 10.984 11.086 11.166 10.073 10.284 10.669 10.984 11.287 10.455 -0.021 -0.084  0.047 -0.683 -0.615 -0.331 -0.169 -0.328 2.802E+07
 25000. 8.0  0.607  7.831 -2.617  9.198 10.309 10.448 10.549 10.655 10.961 11.062 11.142 10.035 10.250 10.640 10.958 11.262 10.425 -0.025 -0.089  0.041 -0.687 -0.621 -0.339 -0.174 -0.334 2.275E+07
 26000. 8.0  0.609  7.658 -2.751  9.147 10.263 10.409 10.513 10.623 10.931 11.033 11.113  9.984 10.207 10.603 10.924 11.231 10.387 -0.030 -0.097  0.032 -0.694 -0.629 -0.350 -0.181 -0.341 1.876E+07
 27000. 8.0  0.610  7.491 -2.871  9.086 10.208 10.362 10.470 10.585 10.897 11.000 11.080  9.924 10.155 10.560 10.885 11.194 10.341 -0.036 -0.106  0.022 -0.702 -0.640 -0.364 -0.189 -0.351 1.572E+07
 28000. 8.0  0.612  7.330 -2.982  9.019 10.149 10.311 10.423 10.543 10.861 10.965 11.046  9.857 10.098 10.512 10.842 11.154 10.292 -0.042 -0.118  0.010 -0.710 -0.650 -0.381 -0.200 -0.361 1.335E+07
 29000. 8.0  0.614  7.174 -3.085  8.948 10.087 10.259 10.374 10.499 10.822 10.928 11.010  9.787 10.040 10.462 10.796 11.111 10.241 -0.049 -0.132 -0.002 -0.717 -0.660 -0.399 -0.212 -0.370 1.148E+07
 30000. 8.0  0.615  7.024 -3.183  8.878 10.026 10.207 10.325 10.454 10.783 10.890 10.974  9.717  9.982 10.412 10.750 11.068 10.190 -0.055 -0.146 -0.014 -0.723 -0.668 -0.418 -0.226 -0.378 1.001E+07
 31000. 8.0  0.618  6.877 -3.277  8.807  9.964 10.154 10.274 10.408 10.742 10.851 10.935  9.646  9.924 10.361 10.702 11.023 10.139 -0.060 -0.161 -0.027 -0.728 -0.676 -0.437 -0.241 -0.384 1.396E+07
 32000. 8.0  0.620  6.736 -3.367  8.738  9.906 10.104 10.226 10.363 10.702 10.812 10.898  9.578  9.868 10.311 10.656 10.979 10.089 -0.065 -0.176 -0.038 -0.733 -0.682 -0.456 -0.255 -0.390 1.277E+07
 33000. 8.0  0.621  6.600 -3.454  8.671  9.848 10.054 10.178 10.319 10.663 10.774 10.862  9.511  9.813 10.263 10.611 10.936 10.041 -0.069 -0.190 -0.049 -0.737 -0.688 -0.474 -0.269 -0.396 1.176E+07
 34000. 8.0  0.623  6.467 -3.537  8.604  9.791 10.004 10.130 10.274 10.623 10.736 10.825  9.444  9.759 10.215 10.565 10.893  9.992 -0.073 -0.205 -0.060 -0.741 -0.694 -0.491 -0.283 -0.401 1.090E+07
 35000. 8.0  0.624  6.339 -3.617  8.540  9.735  9.955 10.083 10.231 10.584 10.699 10.789  9.380  9.706 10.167 10.521 10.851  9.944 -0.077 -0.219 -0.069 -0.746 -0.699 -0.507 -0.296 -0.406 1.016E+07
 36000. 8.0  0.626  6.213 -3.693  8.476  9.680  9.907 10.037 10.187 10.545 10.661 10.753  9.316  9.653 10.120 10.476 10.808  9.897 -0.081 -0.232 -0.079 -0.750 -0.704 -0.523 -0.309 -0.410 9.505E+06
 37000. 8.0  0.628  6.092 -3.767  8.413  9.625  9.859  9.990 10.144 10.506 10.624 10.717  9.253  9.601 10.073 10.432 10.766  9.849 -0.084 -0.245 -0.088 -0.754 -0.710 -0.539 -0.322 -0.415 8.936E+06
 38000. 8.0  0.629  5.973 -3.837  8.350  9.570  9.810  9.944 10.101 10.467 10.587 10.681  9.191  9.549 10.027 10.388 10.724  9.802 -0.087 -0.258 -0.097 -0.758 -0.714 -0.553 -0.334 -0.420 8.435E+06
 39000. 8.0  0.631  5.857 -3.905  8.287  9.516  9.762  9.898 10.057 10.428 10.549 10.645  9.129  9.497  9.980 10.343 10.682  9.754 -0.090 -0.271 -0.105 -0.763 -0.719 -0.568 -0.346 -0.424 7.990E+06
 40000. 8.0  0.633  5.745 -3.969  8.225  9.461  9.713  9.851 10.014 10.389 10.512 10.609  9.066  9.444  9.932 10.299 10.639  9.706 -0.092 -0.284 -0.114 -0.767 -0.724 -0.582 -0.359 -0.429 7.592E+06
  3500. 8.5  0.898 17.194 -1.132 20.494 19.793 18.325 17.399 16.516 15.549 15.074 14.774 21.343 19.086 17.751 17.134 16.763 18.315  1.052  2.611  2.118  1.370  1.771  3.041  2.267  1.493 8.525E+09
  3750. 8.5  0.898 16.894 -0.890 19.664 19.113 17.784 16.952 16.152 15.303 14.880 14.615 20.505 18.467 17.274 16.740 16.432 17.771  0.956  2.379  1.930  1.189  1.563  2.740  2.050  1.337 8.342E+09
  4000. 8.5  0.898 16.614 -0.694 18.917 18.507 17.308 16.559 15.833 15.088 14.710 14.475 19.752 17.918 16.856 16.396 16.142 17.293  0.868  2.160  1.756  1.028  1.374  2.459  1.846  1.192 8.139E+09
  4250. 8.5  0.898 16.350 -0.536 18.248 17.969 16.886 16.212 15.553 14.898 14.559 14.350 19.078 17.430 16.487 16.093 15.887 16.870  0.788  1.959  1.599  0.884  1.204  2.204  1.660  1.061 7.908E+09
  4500. 8.5  0.899 16.102 -0.411 17.650 17.490 16.513 15.904 15.305 14.729 14.424 14.238 18.477 16.996 16.160 15.825 15.661 16.496  0.717  1.778  1.457  0.757  1.054  1.974  1.493  0.944 7.657E+09
  4750. 8.5  0.899 15.867 -0.312 17.121 17.065 16.179 15.627 15.081 14.577 14.302 14.136 17.945 16.609 15.867 15.583 15.458 16.162  0.655  1.619  1.335  0.646  0.923  1.774  1.346  0.843 7.371E+09
  5000. 8.5  0.899 15.644 -0.236 16.621 16.673 15.880 15.381 14.885 14.444 14.196 14.048 17.443 16.256 15.607 15.372 15.280 15.863  0.593  1.455  1.211  0.540  0.795  1.571  1.197  0.741 7.083E+09
  5250. 8.5  0.899 15.432 -0.181 16.178 16.325 15.613 15.161 14.710 14.325 14.100 13.968 16.999 15.942 15.374 15.182 15.120 15.597  0.540  1.312  1.104  0.448  0.684  1.393  1.066  0.652 6.755E+09
  5500. 8.5  0.899 15.230 -0.144 15.779 16.013 15.374 14.964 14.552 14.216 14.013 13.894 16.599 15.660 15.166 15.011 14.976 15.358  0.492  1.180  1.007  0.367  0.585  1.232  0.947  0.573 6.296E+09
  6000. 8.5  0.900 14.851 -0.112 15.109 15.484 14.964 14.620 14.274 14.021 13.853 13.758 15.929 15.180 14.806 14.713 14.722 14.950  0.415  0.969  0.852  0.234  0.425  0.974  0.755  0.445 5.283E+09
  6500. 8.5  0.900 14.503 -0.118 14.561 15.047 14.621 14.331 14.039 13.854 13.715 13.641 15.381 14.780 14.504 14.461 14.506 14.608  0.354  0.803  0.729  0.126  0.297  0.771  0.606  0.343 4.383E+09
  7000. 8.5  0.901 14.180 -0.143 14.110 14.678 14.323 14.076 13.828 13.699 13.586 13.529 14.931 14.439 14.238 14.236 14.311 14.312  0.307  0.683  0.636  0.039  0.196  0.621  0.497  0.266 3.693E+09
  7500. 8.5  0.901 13.880 -0.180 13.723 14.355 14.060 13.848 13.638 13.558 13.467 13.425 14.545 14.139 14.002 14.034 14.135 14.050  0.268  0.587  0.560 -0.034  0.111  0.499  0.409  0.203 3.180E+09
  8000. 8.5  0.902 13.599 -0.224 13.383 14.068 13.823 13.641 13.465 13.428 13.355 13.327 14.206 13.871 13.788 13.850 13.973 13.815  0.235  0.507  0.496 -0.097  0.040  0.399  0.337  0.150 2.744E+09
  8500. 8.5  0.902 13.335 -0.274 13.081 13.811 13.609 13.453 13.305 13.306 13.252 13.236 13.904 13.630 13.594 13.682 13.824 13.602  0.207  0.440  0.441 -0.151 -0.022  0.313  0.275  0.105 2.361E+09
  9000. 8.5  0.903 13.087 -0.330 12.810 13.581 13.417 13.283 13.161 13.196 13.157 13.153 13.634 13.414 13.419 13.529 13.688 13.410  0.182  0.380  0.393 -0.199 -0.076  0.236  0.221  0.065 2.023E+09
  9500. 8.5  0.903 12.851 -0.394 12.566 13.375 13.245 13.132 13.032 13.097 13.072 13.079 13.391 13.221 13.263 13.394 13.568 13.240  0.160  0.324  0.349 -0.241 -0.125  0.166  0.170  0.029 1.726E+09
 10000. 8.5  0.903 12.628 -0.465 12.347 13.191 13.093 12.998 12.918 13.009 12.997 13.013 13.172 13.049 13.125 13.274 13.461 13.088  0.139  0.271  0.309 -0.280 -0.169  0.101  0.123 -0.005 1.467E+09
 11000. 8.5  0.904 12.213 -0.619 11.967 12.874 12.832 12.769 12.722 12.858 12.867 12.897 12.795 12.753 12.889 13.068 13.278 12.827  0.104  0.180  0.239 -0.346 -0.246 -0.012  0.040 -0.063 1.055E+09
 12000. 8.5  0.905 11.834 -0.779 11.652 12.611 12.613 12.578 12.558 12.731 12.757 12.799 12.481 12.505 12.693 12.895 13.124 12.609  0.075  0.105  0.183 -0.401 -0.312 -0.104 -0.026 -0.111 8.196E+08
 13000. 8.5  0.906 11.485 -0.937 11.385 12.386 12.423 12.411 12.413 12.617 12.656 12.707 12.215 12.293 12.521 12.743 12.987 12.418  0.053  0.046  0.140 -0.448 -0.367 -0.176 -0.078 -0.152 6.675E+08
 14000. 8.5  0.907 11.163 -1.088 11.156 12.188 12.251 12.259 12.280 12.511 12.561 12.619 11.986 12.104 12.366 12.605 12.862 12.245  0.035  0.001  0.108 -0.489 -0.413 -0.229 -0.116 -0.186 5.521E+08
 15000. 8.5  0.908 10.862 -1.230 10.956 12.011 12.092 12.117 12.154 12.406 12.467 12.531 11.786 11.934 12.220 12.475 12.742 12.084  0.023 -0.029  0.088 -0.524 -0.452 -0.264 -0.140 -0.215 4.591E+08
 16000. 8.5  0.908 10.581 -1.361 10.779 11.850 11.942 11.981 12.031 12.301 12.371 12.441 11.610 11.776 12.082 12.349 12.624 11.930  0.015 -0.048  0.078 -0.555 -0.484 -0.284 -0.153 -0.237 3.853E+08
 17000. 8.5  0.909 10.317 -1.483 10.620 11.702 11.800 11.851 11.911 12.194 12.273 12.348 11.452 11.631 11.951 12.226 12.508 11.784  0.011 -0.058  0.075 -0.582 -0.509 -0.294 -0.159 -0.253 3.263E+08
 18000. 8.5  0.910 10.068 -1.602 10.479 11.569 11.670 11.732 11.799 12.089 12.175 12.255 11.312 11.499 11.830 12.112 12.398 11.650  0.009 -0.066  0.076 -0.604 -0.529 -0.298 -0.162 -0.265 2.780E+08
 19000. 8.5  0.911  9.832 -1.724 10.353 11.451 11.555 11.628 11.700 11.994 12.085 12.167 11.186 11.382 11.725 12.012 12.301 11.533  0.008 -0.075  0.074 -0.623 -0.547 -0.304 -0.167 -0.275 2.378E+08
 20000. 8.5  0.912  9.608 -1.850 10.240 11.348 11.458 11.539 11.616 11.913 12.007 12.090 11.074 11.281 11.634 11.927 12.220 11.433  0.005 -0.086  0.069 -0.639 -0.564 -0.315 -0.175 -0.284 2.043E+08
 21000. 8.5  0.912  9.395 -1.980 10.141 11.258 11.375 11.463 11.547 11.846 11.944 12.026 10.975 11.194 11.558 11.856 12.152 11.350  0.001 -0.098  0.061 -0.653 -0.579 -0.329 -0.186 -0.294 1.761E+08
 22000. 8.5  0.913  9.192 -2.114 10.055 11.181 11.307 11.400 11.490 11.793 11.893 11.976 10.890 11.120 11.494 11.798 12.097 11.281 -0.005 -0.111  0.052 -0.666 -0.592 -0.343 -0.196 -0.303 1.524E+08
 23000. 8.5  0.914  8.998 -2.254  9.987 11.120 11.253 11.351 11.446 11.753 11.855 11.938 10.822 11.062 11.444 11.752 12.054 11.227 -0.010 -0.121  0.044 -0.676 -0.604 -0.357 -0.205 -0.312 1.322E+08
 24000. 8.5  0.915  8.813 -2.404  9.941 11.078 11.217 11.318 11.417 11.727 11.830 11.914 10.776 11.022 11.410 11.722 12.026 11.191 -0.013 -0.128  0.037 -0.683 -0.611 -0.366 -0.211 -0.318 1.147E+08
 25000. 8.5  0.916  8.634 -2.558  9.910 11.050 11.192 11.296 11.397 11.709 11.812 11.896 10.746 10.995 11.387 11.701 12.007 11.167 -0.016 -0.133  0.033 -0.687 -0.616 -0.372 -0.215 -0.322 9.954E+07
 26000. 8.5  0.916  8.463 -2.704  9.877 11.021 11.167 11.273 11.376 11.691 11.794 11.879 10.713 10.967 11.364 11.680 11.987 11.143 -0.019 -0.138  0.028 -0.691 -0.622 -0.379 -0.220 -0.327 8.626E+07
 27000. 8.5  0.917  8.298 -2.839  9.837 10.986 11.137 11.244 11.352 11.669 11.773 11.857 10.674 10.933 11.335 11.654 11.963 11.113 -0.023 -0.144  0.021 -0.697 -0.628 -0.388 -0.225 -0.333 7.460E+07
 28000. 8.5  0.918  8.139 -2.961  9.790 10.943 11.100 11.211 11.322 11.643 11.748 11.833 10.626 10.893 11.301 11.624 11.935 11.076 -0.027 -0.151  0.014 -0.704 -0.637 -0.398 -0.231 -0.340 6.433E+07
 29000. 8.5  0.919  7.986 -3.073  9.735 10.895 11.059 11.173 11.289 11.614 11.721 11.806 10.573 10.847 11.263 11.589 11.903 11.035 -0.032 -0.160  0.006 -0.712 -0.647 -0.410 -0.239 -0.349 5.526E+07
 30000. 8.5  0.920  7.838 -3.176  9.676 10.843 11.014 11.133 11.253 11.583 11.691 11.777 10.514 10.797 11.221 11.552 11.869 10.991 -0.038 -0.170 -0.003 -0.720 -0.657 -0.424 -0.247 -0.357 4.723E+07
 31000. 8.5  0.923  7.692 -3.273  9.612 10.786 10.965 11.087 11.213 11.548 11.657 11.744 10.450 10.743 11.174 11.509 11.829 10.943 -0.044 -0.181 -0.014 -0.728 -0.666 -0.439 -0.258 -0.366 4.205E+07
 32000. 8.5  0.924  7.553 -3.365  9.548 10.730 10.918 11.042 11.172 11.513 11.624 11.712 10.387 10.691 11.129 11.468 11.791 10.897 -0.049 -0.193 -0.025 -0.733 -0.675 -0.456 -0.269 -0.373 3.457E+07
 33000. 8.5  0.925  7.418 -3.453  9.485 10.675 10.871 10.997 11.131 11.476 11.589 11.678 10.324 10.639 11.083 11.426 11.751 10.852 -0.054 -0.206 -0.036 -0.738 -0.681 -0.473 -0.282 -0.380 2.839E+07
 34000. 8.5  0.926  7.287 -3.537  9.423 10.621 10.824 10.952 11.090 11.440 11.554 11.644 10.262 10.587 11.038 11.383 11.711 10.806 -0.059 -0.219 -0.047 -0.742 -0.687 -0.490 -0.294 -0.386 2.337E+07
 35000. 8.5  0.926  7.160 -3.617  9.360 10.566 10.777 10.907 11.049 11.403 11.518 11.610 10.199 10.535 10.992 11.341 11.670 10.761 -0.064 -0.232 -0.057 -0.747 -0.693 -0.506 -0.307 -0.392 1.934E+07
 36000. 8.5  0.927  7.037 -3.695  9.299 10.514 10.732 10.864 11.008 11.367 11.484 11.577 10.139 10.486 10.948 11.299 11.631 10.716 -0.068 -0.244 -0.067 -0.751 -0.699 -0.521 -0.319 -0.397 1.615E+07
 37000. 8.5  0.928  6.917 -3.770  9.240 10.462 10.686 10.820 10.968 11.331 11.449 11.544 10.079 10.436 10.904 11.258 11.592 10.672 -0.071 -0.257 -0.076 -0.755 -0.704 -0.536 -0.331 -0.402 1.365E+07
 38000. 8.5  0.929  6.800 -3.841  9.181 10.410 10.641 10.777 10.928 11.295 11.415 11.511 10.021 10.387 10.860 11.217 11.552 10.628 -0.075 -0.269 -0.085 -0.759 -0.709 -0.551 -0.342 -0.407 1.173E+07
 39000. 8.5  0.930  6.686 -3.910  9.122 10.359 10.596 10.734 10.887 11.259 11.380 11.477  9.962 10.338 10.816 11.175 11.513 10.584 -0.078 -0.280 -0.094 -0.763 -0.714 -0.565 -0.353 -0.412 1.025E+07
 40000. 8.5  0.931  6.575 -3.976  9.063 10.307 10.551 10.690 10.847 11.222 11.345 11.444  9.904 10.289 10.772 11.134 11.473 10.539 -0.081 -0.292 -0.103 -0.767 -0.718 -0.578 -0.365 -0.416 9.103E+06
  3500. 9.0  1.186 18.142 -1.090 21.211 20.627 19.233 18.336 17.469 16.508 16.032 15.730 22.054 19.956 18.681 18.083 17.719 19.222  1.005  2.431  2.010  1.322  1.691  2.836  2.103  1.406 5.391E+09
  3750. 9.0  1.186 17.843 -0.860 20.404 19.963 18.703 17.897 17.110 16.266 15.841 15.574 21.240 19.350 18.213 17.696 17.393 18.690  0.912  2.210  1.830  1.147  1.490  2.549  1.897  1.256 5.326E+09
  4000. 9.0  1.186 17.562 -0.673 19.684 19.375 18.236 17.509 16.795 16.052 15.672 15.434 20.516 18.814 17.801 17.355 17.106 18.221  0.830  2.008  1.668  0.993  1.312  2.290  1.710  1.122 5.248E+09
  4250. 9.0  1.186 17.299 -0.525 19.046 18.855 17.824 17.167 16.517 15.862 15.521 15.309 19.873 18.340 17.438 17.055 16.852 17.808  0.756  1.827  1.524  0.857  1.154  2.058  1.542  1.002 5.162E+09
  4500. 9.0  1.186 17.051 -0.407 18.478 18.393 17.458 16.862 16.268 15.692 15.384 15.196 19.303 17.919 17.115 16.787 16.626 17.441  0.692  1.665  1.397  0.737  1.015  1.853  1.394  0.896 5.075E+09
  4750. 9.0  1.186 16.816 -0.314 17.964 17.977 17.130 16.589 16.048 15.541 15.263 15.095 18.787 17.540 16.827 16.550 16.425 17.113  0.632  1.516  1.280  0.629  0.888  1.664  1.256  0.799 4.986E+09
  5000. 9.0  1.186 16.593 -0.243 17.503 17.604 16.836 16.344 15.850 15.404 15.153 15.003 18.325 17.200 16.569 16.336 16.244 16.820  0.579  1.382  1.175  0.533  0.775  1.495  1.133  0.713 4.885E+09
  5250. 9.0  1.186 16.381 -0.191 17.085 17.268 16.572 16.123 15.672 15.282 15.054 14.920 17.906 16.893 16.337 16.144 16.081 16.556  0.531  1.259  1.080  0.446  0.673  1.340  1.021  0.634 4.776E+09
  5500. 9.0  1.186 16.179 -0.154 16.704 16.963 16.333 15.924 15.511 15.171 14.965 14.845 17.525 16.615 16.127 15.971 15.934 16.318  0.487  1.146  0.993  0.367  0.580  1.199  0.917  0.562 4.639E+09
  6000. 9.0  1.186 15.801 -0.121 16.052 16.439 15.922 15.579 15.231 14.975 14.806 14.711 16.872 16.136 15.765 15.671 15.679 15.908  0.414  0.953  0.846  0.235  0.424  0.959  0.742  0.441 4.293E+09
  6500. 9.0  1.186 15.453 -0.126 15.510 16.003 15.579 15.289 14.997 14.810 14.670 14.596 16.330 15.737 15.462 15.419 15.464 15.567  0.353  0.794  0.725  0.126  0.296  0.762  0.598  0.341 3.914E+09
  7000. 9.0  1.186 15.131 -0.151 15.062 15.635 15.282 15.035 14.786 14.656 14.541 14.484 15.884 15.397 15.197 15.194 15.269 15.271  0.306  0.676  0.634  0.040  0.195  0.615  0.491  0.265 3.545E+09
  7500. 9.0  1.186 14.832 -0.189 14.676 15.313 15.021 14.809 14.598 14.517 14.424 14.382 15.498 15.099 14.963 14.995 15.094 15.011  0.267  0.580  0.557 -0.033  0.111  0.493  0.403  0.201 3.282E+09
  8000. 9.0  1.187 14.551 -0.236 14.337 15.029 14.787 14.605 14.428 14.389 14.316 14.287 15.160 14.833 14.752 14.814 14.936 14.778  0.233  0.499  0.492 -0.096  0.038  0.390  0.329  0.147 3.062E+09
  8500. 9.0  1.187 14.288 -0.287 14.036 14.774 14.575 14.420 14.272 14.271 14.215 14.198 14.860 14.595 14.560 14.649 14.790 14.568  0.205  0.430  0.436 -0.151 -0.024  0.302  0.267  0.101 2.845E+09
  9000. 9.0  1.187 14.040 -0.344 13.766 14.543 14.383 14.251 14.128 14.161 14.121 14.116 14.590 14.379 14.386 14.497 14.656 14.377  0.180  0.370  0.388 -0.200 -0.079  0.226  0.212  0.061 2.635E+09
  9500. 9.0  1.187 13.805 -0.405 13.522 14.336 14.210 14.098 13.998 14.061 14.035 14.040 14.347 14.184 14.228 14.359 14.533 14.204  0.158  0.316  0.345 -0.242 -0.127  0.158  0.164  0.025 2.440E+09
 10000. 9.0  1.187 13.582 -0.473 13.303 14.150 14.054 13.960 13.880 13.971 13.957 13.972 14.128 14.009 14.087 14.236 14.423 14.050  0.138  0.267  0.306 -0.280 -0.171  0.096  0.118 -0.007 2.262E+09
 11000. 9.0  1.187 13.168 -0.622 12.923 13.831 13.790 13.727 13.681 13.817 13.825 13.855 13.750 13.710 13.847 14.026 14.236 13.786  0.103  0.178  0.237 -0.346 -0.247 -0.015  0.038 -0.064 1.949E+09
 12000. 9.0  1.188 12.790 -0.781 12.608 13.567 13.571 13.536 13.516 13.689 13.714 13.756 13.436 13.462 13.650 13.853 14.081 13.567  0.075  0.103  0.181 -0.401 -0.311 -0.106 -0.029 -0.111 1.683E+09
 13000. 9.0  1.188 12.442 -0.941 12.341 13.343 13.383 13.371 13.372 13.576 13.615 13.666 13.170 13.251 13.481 13.703 13.946 13.378  0.052  0.042  0.136 -0.447 -0.366 -0.180 -0.082 -0.151 1.458E+09
 14000. 9.0  1.188 12.120 -1.095 12.111 13.148 13.215 13.223 13.243 13.473 13.523 13.580 12.941 13.065 13.330 13.568 13.824 13.209  0.034 -0.006  0.103 -0.488 -0.413 -0.237 -0.124 -0.184 1.268E+09
 15000. 9.0  1.188 11.820 -1.241 11.911 12.974 13.061 13.086 13.121 13.373 13.433 13.496 12.742 12.899 13.190 13.442 13.708 13.053  0.022 -0.042  0.080 -0.522 -0.453 -0.278 -0.153 -0.212 1.100E+09
 16000. 9.0  1.189 11.539 -1.376 11.734 12.817 12.916 12.956 13.003 13.274 13.342 13.410 12.566 12.746 13.057 13.322 13.596 12.905  0.014 -0.066  0.066 -0.553 -0.485 -0.305 -0.172 -0.234 9.515E+08
 17000. 9.0  1.189 11.276 -1.502 11.576 12.673 12.778 12.831 12.888 13.173 13.250 13.323 12.408 12.605 12.930 13.203 13.485 12.763  0.010 -0.082  0.061 -0.579 -0.510 -0.319 -0.183 -0.250 8.220E+08
 18000. 9.0  1.189 11.027 -1.620 11.433 12.540 12.648 12.712 12.775 13.070 13.155 13.234 12.265 12.473 12.810 13.089 13.375 12.629  0.010 -0.093  0.062 -0.602 -0.530 -0.325 -0.189 -0.261 7.059E+08
 19000. 9.0  1.189 10.792 -1.737 11.303 12.420 12.529 12.602 12.670 12.970 13.061 13.145 12.136 12.353 12.700 12.984 13.273 12.506  0.010 -0.102  0.062 -0.620 -0.546 -0.329 -0.194 -0.268 6.010E+08
 20000. 9.0  1.190 10.569 -1.855 11.185 12.311 12.424 12.506 12.578 12.880 12.974 13.060 12.019 12.247 12.603 12.890 13.182 12.398  0.010 -0.113  0.060 -0.635 -0.561 -0.337 -0.202 -0.275 5.107E+08
 21000. 9.0  1.190 10.357 -1.977 11.080 12.215 12.334 12.423 12.499 12.803 12.900 12.986 11.913 12.153 12.519 12.811 13.105 12.307  0.007 -0.126  0.054 -0.648 -0.574 -0.349 -0.212 -0.282 4.360E+08
 22000. 9.0  1.190 10.155 -2.102 10.985 12.130 12.257 12.351 12.433 12.740 12.838 12.924 11.819 12.071 12.446 12.743 13.040 12.229  0.003 -0.139  0.045 -0.660 -0.587 -0.364 -0.223 -0.291 3.729E+08
 23000. 9.0  1.190  9.961 -2.229 10.902 12.056 12.191 12.290 12.377 12.688 12.789 12.875 11.737 12.000 12.384 12.686 12.987 12.163 -0.002 -0.152  0.036 -0.671 -0.599 -0.380 -0.235 -0.299 3.203E+08
 24000. 9.0  1.191  9.776 -2.360 10.833 11.994 12.137 12.240 12.333 12.648 12.750 12.837 11.668 11.941 12.334 12.640 12.944 12.109 -0.007 -0.163  0.027 -0.680 -0.609 -0.394 -0.245 -0.307 2.805E+08
 25000. 9.0  1.191  9.599 -2.497 10.781 11.948 12.096 12.203 12.300 12.619 12.722 12.810 11.616 11.896 12.295 12.605 12.912 12.069 -0.011 -0.172  0.020 -0.688 -0.617 -0.405 -0.252 -0.313 2.507E+08
 26000. 9.0  1.191  9.428 -2.640 10.745 11.916 12.068 12.178 12.277 12.599 12.704 12.792 11.581 11.866 12.270 12.582 12.890 12.042 -0.014 -0.177  0.015 -0.693 -0.623 -0.412 -0.257 -0.318 2.260E+08
 27000. 9.0  1.191  9.264 -2.781 10.716 11.890 12.046 12.157 12.259 12.583 12.688 12.777 11.551 11.841 12.248 12.563 12.872 12.019 -0.016 -0.182  0.010 -0.697 -0.628 -0.418 -0.261 -0.322 2.040E+08
 28000. 9.0  1.192  9.106 -2.914 10.683 11.861 12.020 12.134 12.238 12.565 12.671 12.760 11.519 11.813 12.225 12.542 12.853 11.994 -0.019 -0.187  0.006 -0.701 -0.633 -0.425 -0.266 -0.326 1.843E+08
 29000. 9.0  1.192  8.953 -3.038 10.645 11.827 11.991 12.107 12.215 12.544 12.652 12.741 11.481 11.781 12.197 12.517 12.830 11.965 -0.022 -0.194  0.000 -0.707 -0.639 -0.434 -0.271 -0.332 1.668E+08
 30000. 9.0  1.192  8.806 -3.151 10.601 11.788 11.957 12.076 12.188 12.521 12.630 12.720 11.438 11.744 12.166 12.489 12.804 11.932 -0.025 -0.201 -0.006 -0.714 -0.647 -0.443 -0.277 -0.338 1.509E+08
 31000. 9.0  1.194  8.662 -3.257 10.551 11.744 11.918 12.041 12.157 12.495 12.605 12.695 11.388 11.702 12.130 12.457 12.775 11.893 -0.029 -0.209 -0.012 -0.722 -0.656 -0.453 -0.284 -0.345 1.815E+08
 32000. 9.0  1.195  8.523 -3.355 10.498 11.697 11.878 12.004 12.125 12.467 12.578 12.670 11.336 11.657 12.093 12.424 12.744 11.853 -0.034 -0.218 -0.020 -0.730 -0.665 -0.464 -0.292 -0.352 1.640E+08
 33000. 9.0  1.195  8.389 -3.446 10.442 11.648 11.836 11.965 12.090 12.437 12.550 12.641 11.280 11.610 12.052 12.387 12.710 11.811 -0.039 -0.228 -0.029 -0.737 -0.674 -0.478 -0.301 -0.360 1.482E+08
 34000. 9.0  1.196  8.259 -3.532 10.384 11.596 11.791 11.923 12.053 12.404 12.518 12.611 11.222 11.561 12.010 12.349 12.674 11.768 -0.044 -0.238 -0.038 -0.743 -0.682 -0.492 -0.311 -0.367 1.337E+08
 35000. 9.0  1.196  8.133 -3.614 10.324 11.544 11.747 11.881 12.014 12.369 12.485 12.579 11.163 11.512 11.967 12.309 12.636 11.725 -0.049 -0.249 -0.048 -0.748 -0.688 -0.508 -0.321 -0.374 1.204E+08
 36000. 9.0  1.197  8.010 -3.693 10.266 11.493 11.703 11.838 11.975 12.335 12.452 12.547 11.105 11.463 11.924 12.268 12.598 11.682 -0.054 -0.261 -0.058 -0.752 -0.694 -0.523 -0.332 -0.380 1.080E+08
 37000. 9.0  1.197  7.890 -3.768 10.207 11.441 11.658 11.795 11.935 12.299 12.418 12.514 11.046 11.414 11.880 12.228 12.560 11.639 -0.058 -0.272 -0.068 -0.756 -0.700 -0.537 -0.343 -0.386 9.675E+07
 38000. 9.0  1.198  7.774 -3.840 10.150 11.391 11.615 11.753 11.897 12.265 12.385 12.483 10.990 11.366 11.838 12.188 12.522 11.596 -0.062 -0.283 -0.078 -0.760 -0.705 -0.551 -0.354 -0.391 8.662E+07
 39000. 9.0  1.198  7.661 -3.910 10.094 11.342 11.571 11.712 11.858 12.231 12.352 12.451 10.933 11.319 11.796 12.149 12.485 11.554 -0.066 -0.293 -0.086 -0.763 -0.710 -0.565 -0.364 -0.396 7.759E+07
 40000. 9.0  1.199  7.551 -3.978 10.038 11.292 11.528 11.670 11.820 12.196 12.319 12.419 10.878 11.272 11.754 12.109 12.447 11.512 -0.069 -0.304 -0.095 -0.767 -0.715 -0.578 -0.374 -0.401 6.959E+07
